70969289	21
234918189	216
585091694	8
392845395	229
147846373	30
1305778243	242
855699504	0
353805820	52
541489770	226
2172656060	236
2603491542	24
3180052202	232
2741938125	24
245323651	174
2893609345	55
334770866	229
2903838722	156
2282174527	15
1360277780	16
281763973	213
95437938	213
26461628	35
355989081	51
228300826	213
343283519	213
27839828	24
21439144	164
2753124690	81
2969431731	160
2732753069	81
2685274722	24
2903794590	24
3025730054	4
552721464	67
439125710	48
3156705419	232
1142828953	35
2860248722	283
2893530846	229
714926235	48
759251	55
2853078955	283
2678846580	283
1716956222	24
1136202246	298
727732490	55
80125582	124
273130215	115
2391658171	35
2954249257	81
2895384648	283
118310849	55
576766133	298
2703530701	35
2736281111	244
2701721294	35
2701268012	81
637197002	81
1372351364	4
399312985	48
2984445698	35
2700546476	303
2984384984	35
2984405994	35
2699578290	35
2703203575	81
2701006466	35
2701030392	174
448176493	35
3024142012	216
2702180845	35
2984422236	185
2736215914	35
2984591988	81
2736511277	35
1919350406	76
2785211754	93
3023199760	52
48502930	21
3085736378	179
2943113973	35
3012200858	35
2336918387	246
264107729	61
38107360	298
68515878	298
2890787414	24
2890303152	35
761947260	298
553396754	298
2611240106	102
2985514097	81
285146414	261
715998169	29
604142194	232
3065310853	232
435165692	21
1273036716	185
81333517	24
528766080	21
482929467	61
1705991035	30
1664059166	153
2467791	174
211468827	55
61003804	292
74816067	232
36726874	232
2292123182	35
2984177458	232
178884638	283
554781878	30
598879060	156
497574414	93
738576612	133
876105348	226
135092917	298
2172753872	188
1494835716	232
957501360	24
103012173	24
513364774	81
995367092	281
108407330	24
515115919	298
2855567187	29
2852500303	15
2871920535	257
3178177380	179
37034483	20
71487564	202
612473	305
1562935142	305
14075928	185
101422703	298
2361899089	24
174316096	55
1020857448	55
2696553186	81
2692152259	35
537943450	153
181561712	153
287064784	229
17741799	229
2586476720	161
2400706567	185
2485811094	164
2984586715	81
2688180090	55
2984684581	81
2733189267	35
366107438	164
149760844	185
2919064907	21
3166114902	151
2195500497	188
148417190	81
2910039173	134
600434080	132
1644143382	203
2843759530	229
2921414714	229
2533208914	24
237724241	33
2853239935	229
2984401976	229
3011700598	179
2345484072	35
3070296056	153
1484891485	44
1143356610	24
79650494	76
1373320310	185
610890727	162
214489590	164
1043694534	8
316859109	236
2208003360	24
3025588390	93
1631628644	8
590538520	35
1598995471	185
426867538	283
1872096984	185
20431187	76
128961834	20
999392113	8
1631128196	216
2984548314	185
2696872783	81
2697966889	81
2701940514	35
2984446754	35
2984163951	35
3095562196	35
2918898159	232
1512635316	244
459983485	277
1443019626	21
3015063197	232
987187945	185
1511730481	115
2739905761	88
2496312684	35
3015956537	216
706448896	229
2869049856	153
2595885932	298
2757589367	132
3032023171	245
38742405	20
2850462601	29
3000441269	35
2910231323	93
3015125751	166
2840492034	81
2859137690	55
2932992638	161
117636026	24
316785473	185
2564849616	76
2343896512	61
125806240	20
313087874	8
2718419672	81
74277241	185
56915836	265
3129499160	229
2991866982	298
537052093	20
249830418	298
2748239304	24
2376085272	29
892486286	229
2856673791	55
3126156459	232
2471128465	35
3166223707	24
2956262652	24
3135094689	134
2803125438	24
2820299636	229
1426228452	246
2645038853	35
3164154426	24
1194845858	135
374212227	306
3102323772	24
2855058556	139
3166203578	107
2472651750	24
2820308510	24
3166128576	24
151098505	81
3168215744	93
266102331	203
115628224	307
2755751021	161
374712154	24
2288463941	15
1459537578	61
320566504	185
2987138620	29
1640500489	216
393488321	35
821198618	61
1416624906	113
2433935083	21
343228492	24
2960530904	304
2366091614	185
2848241137	35
3167718775	249
313005140	81
2387705120	20
331452391	185
1155481513	81
3164531316	249
2489350513	94
177886974	198
2576154948	298
3139637058	107
2493066217	55
2763262674	185
2691877707	246
2951537741	246
2591967606	24
5402612	55
183614010	156
294082746	132
1481407244	185
1961225442	29
1965037430	132
1633566204	185
2718747045	185
388438160	35
604883440	185
91478624	205
2868532741	107
2918884070	35
456027828	8
577217725	160
618336955	108
858592592	30
855402486	103
2769541	0
172943205	15
549788597	236
174958289	160
2899153866	198
3019389893	210
2697104514	270
2385640543	174
45709328	15
3018201765	198
376020193	232
1002171691	21
2335240088	0
2893933908	212
1917257256	107
3221395659	160
3239961335	232
1443064580	229
52491063	71
136627335	80
1322206404	15
2810877696	35
2883069440	246
2269430017	216
327519692	30
40843754	76
338329289	76
2771755435	15
611686687	24
3199827934	249
393802545	-1
715473049	24
2414913756	266
11866582	35
146566275	229
14669951	88
152619200	185
17659206	268
2996341338	29
2960959649	81
3024657966	291
2359565790	264
453856839	185
120797174	30
14222536	24
2726025501	245
93879982	169
83638901	245
2852437059	232
807095	107
2956169472	292
3139628484	214
30246959	216
562943807	20
321129266	232
2868581819	24
3134088606	8
228951426	216
627916798	298
3192773536	301
2844607500	29
2909678818	134
64643056	15
2871682343	15
3192956014	8
133781095	68
232376381	232
2890333632	8
3139710932	107
2984385032	24
2780227838	185
2758216614	246
2899724324	246
3173668329	245
2806883114	0
2733938725	132
2870055603	8
1229743136	164
105119490	35
2847935108	24
14511951	38
2588155602	8
2576701936	61
435525090	15
2181113772	35
355795737	216
1025681684	76
14326874	30
918409039	246
327289094	233
3108351	24
15265990	81
2780529784	246
203760682	246
349063185	81
25589776	52
2908559936	81
3245979544	232
2781308136	21
733303040	132
2413826444	8
2416466416	249
1431758502	14
384026082	188
2271179430	232
2814121725	81
547475966	8
3135989745	24
1615564327	246
1335587077	30
1573556287	83
2835962353	92
2253640676	185
320751995	185
2207246305	15
962704140	8
1125541214	229
2500007554	24
387638515	229
477038952	14
508885770	81
973652844	107
573860397	29
1290170702	21
621720090	120
2228284588	132
516619518	229
809515854	299
1831919268	24
328047506	35
2856019439	53
543794957	94
2843252910	185
302231807	202
968276172	236
483924633	216
313724477	232
2148693998	132
1377885110	4
534916072	167
878418000	167
188230263	55
3020232633	47
14780915	47
253716029	248
2304000152	272
2756789538	29
2425231	203
228397124	222
23737582	223
2954283946	48
3102720564	76
1854637914	29
27849166	48
278006137	55
702125877	35
602188858	119
568825492	257
3062205179	30
1535633298	246
3190284093	132
89423854	132
572240095	55
55639817	76
363972381	68
316054117	15
25365536	35
354309948	185
1651745263	31
559868332	288
81825702	40
268862229	185
2852040209	185
280589563	283
2686452746	125
453619947	212
2479116920	203
2931392052	93
2273626526	185
56223647	302
169002949	156
343647131	35
1401382904	24
474446451	269
1302368978	35
326617380	76
84110391	8
268640730	24
243163874	212
624918281	283
37912007	266
3048323135	257
2936739141	35
2718113058	185
3119732728	185
296865250	0
1965237781	29
313030459	190
2161554338	149
1320073344	32
2400068371	8
116502459	81
131718664	185
133042870	134
3053234724	61
2788994607	35
2868430557	160
2920180826	24
2335849027	24
20120877	236
501405147	15
2543707907	298
3147851955	15
2548721419	24
1445334056	35
2796284493	185
36332025	29
73992972	35
2586390576	81
3027921797	8
2983319449	24
107630406	236
1621376966	21
2430174896	198
2160022363	33
2204854647	216
2643340823	156
3031218556	292
2742998171	164
539863097	156
2494455989	236
2603640338	94
2547620297	126
908669726	232
583280017	257
310072711	185
1378000488	232
586482662	8
749952350	76
1969053690	216
292120902	49
257799896	261
2343119281	298
134758540	153
346322786	29
3123934244	298
2231325937	227
1649891737	227
2855445004	132
198885359	232
2660741946	21
585251556	166
16190898	93
44346105	21
120649992	21
2261808925	232
1652309034	8
163730859	21
94711758	33
2244268176	120
1949299057	179
2968313087	76
450779212	257
394093191	232
102955736	236
58131066	142
160941691	61
200818199	20
16973333	35
363640677	246
381087522	229
511470442	292
2434043868	292
3178343937	298
3098124368	24
2866704193	93
2944352455	232
1923427368	8
85452649	8
200583835	185
1054533056	61
1650273846	298
806135126	232
311596809	264
19046392	216
2724886600	35
3129765151	8
803050842	156
2198491434	24
98586984	146
15735744	107
1918027333	35
405728790	30
1246327423	61
491003131	35
531780156	21
1202611332	226
21094888	226
2322901370	160
59325073	257
558934328	227
2799287783	8
2993035084	15
3034675433	53
2200369783	298
2681405857	35
3012405742	16
231998027	81
2907656953	305
19583545	143
17919972	159
2274851069	20
3151140161	55
14573900	232
1074707684	216
81982173	185
2770130748	164
2763634078	115
272131714	200
1149104545	186
573078668	161
1096961108	248
1347766734	298
470489295	185
229945398	216
2831149440	216
2915324375	229
96909302	133
85603854	133
2374434254	21
2481416563	246
19777398	216
209708391	15
1392236496	216
379408088	149
323761529	232
1241782441	250
3130261528	298
605093834	179
2507680598	185
2744590228	55
567519615	24
27928777	24
575571662	88
66732606	88
2882150859	103
156247074	179
2956241624	151
3024185812	15
235081257	283
74268158	164
703223386	223
8839632	223
329418923	185
458830720	185
2839997273	216
2393038916	216
128996278	134
2246605743	15
23465218	93
2701695500	8
342594032	257
953278568	28
1629147072	298
28354730	248
2213546832	29
2743691543	55
2856840286	229
286703523	24
18378446	200
582893544	290
68210284	290
2704877742	8
2699029339	115
1962716474	156
2890961	156
3040107153	156
2922022318	232
357953332	203
718855508	61
20012204	202
4970411	185
2762203630	236
2855400744	303
238575113	94
3167671386	249
3027576417	298
2817641383	15
46832898	249
2584199773	245
374209360	245
539613581	24
213300335	202
30495613	24
2267097607	249
10876852	35
2602708329	20
2434802688	283
371866546	81
2821660681	52
2787010574	35
2369686982	24
428368815	55
12912542	76
889024146	229
334235577	29
2887098095	232
2399296919	14
588440326	35
969300067	30
35470702	20
149818468	167
979073125	298
1131930708	268
40246348	185
3166178094	164
739784130	29
146551162	221
2452867927	35
16510838	283
3139692739	24
2224112012	185
2729047747	81
2718266681	81
496947377	76
499346154	212
2205462907	35
324800527	272
144672349	216
2971507184	59
2877754364	31
217846009	76
2604513600	305
49309789	14
5695632	232
504897306	16
305877754	160
2928747176	232
2153285306	81
2800681721	299
3165301799	21
3107975560	257
2832853052	257
2267580653	8
132774626	292
2758977712	115
1962902683	203
24006071	229
2894046698	162
607858464	31
2849969907	8
318219060	55
2843768691	24
1529530260	190
2232426913	15
2585208815	236
23088176	232
2276528450	185
351893313	48
1615905644	236
139539038	108
3167692026	249
1921634840	76
1228066862	29
2978362210	20
1615283869	246
3176428420	185
2938264173	0
2157766698	245
958683282	257
956208542	76
278328390	81
319978709	232
2542207489	120
1530569982	296
343627165	59
2685837290	16
548900573	29
1689139135	8
2296525814	242
102162231	130
2496439051	198
2504587765	76
24245360	179
342881789	164
605537857	81
367750490	8
1582853809	179
2380834675	232
2892601024	232
2935453127	257
2236416063	257
2640915448	232
121296694	81
2266603723	96
371804035	236
2720915568	236
2760539239	88
1463684144	88
127614046	24
534478644	203
206813069	81
211759777	81
3022750366	8
3022704059	232
2395241878	21
596870296	35
2767403213	28
2732650684	88
2982068825	232
2242062810	0
373084763	35
3004835027	134
2224195778	35
1537283010	15
259975508	229
112169930	16
66664787	42
1541904169	213
216444984	90
2495099700	76
2896405353	8
974823710	79
2587244810	81
3245607663	161
2881036008	236
2365800855	232
2384668045	35
1684898995	229
3094629816	200
14594844	200
1348678878	229
2734000046	229
3115234313	133
2958185432	24
47846709	35
2723518062	135
428333	48
80740819	160
609742172	305
2568464482	93
1317821952	232
2306239020	35
2840718650	24
1691105335	24
1337743052	236
226690054	29
529795011	88
16222584	216
1623405589	29
66339576	292
393190233	185
101395252	164
2822567616	14
2961520217	8
2603975293	35
2806605820	249
2828887829	232
2511846751	55
2603895050	179
100130031	179
2861259394	131
41317402	0
2851804827	269
2557517420	61
893657815	127
3115498374	232
1864406928	20
319861696	298
407261533	269
2614306946	132
32676327	216
79781646	76
3000418583	35
22650211	81
370477634	200
2790658390	24
799724899	76
588665001	35
2990860910	24
261102661	174
3028596606	8
2418377029	35
2255534952	35
3174378593	232
152457403	232
2333677370	283
238834602	14
1629171145	229
930805326	55
2504499055	55
2744026008	35
1699094804	292
2847193511	120
3000357099	24
1547513437	296
1421767806	35
418284901	198
1111596679	298
2981481868	264
921575155	35
132083851	206
1906234147	35
408214831	8
114354410	232
1972703431	24
2732619305	55
2498347489	298
2866559738	76
48177728	29
1306398518	229
21366823	185
3168158958	93
584405697	156
1926831486	35
2643950610	229
632597076	29
2163703333	24
2600240304	24
630806400	8
2347953823	20
1724928566	283
385405404	164
233183631	246
2704042478	35
243906488	151
24393384	127
154048214	29
2820643527	306
858745585	49
20322929	286
413487212	4
2885204866	30
273751728	21
3180809683	249
502743360	292
282695161	20
2869390659	229
2900426395	185
2786666684	213
2890574815	133
3022758857	232
1613252947	298
2513545184	292
3199900258	249
353381383	30
3199623683	249
3055813707	35
448510528	88
458325558	248
56457487	76
291941608	29
1666223994	32
2927356612	24
3072015355	298
604037271	8
2314161242	185
1340438264	157
2709421973	61
259725229	157
32359921	157
2587535550	29
2867640881	222
3192854579	249
2849247413	232
2854764770	30
2364233274	245
2223592103	185
843112550	268
36226144	216
33933259	20
369202440	179
1648563518	29
234926056	24
2890440650	229
276917857	229
3151502850	279
3218391651	245
2247217850	24
159340711	298
467694618	24
2972205113	156
487623900	229
38182772	228
174228111	298
2734076368	55
284892018	156
62934079	4
469333254	263
1921481726	246
3217247327	55
2441994192	20
337761893	20
2962201336	299
19407053	14
2439543374	93
993001615	93
111412750	88
1917731	185
3145809444	229
3171309439	21
3246529913	232
2720232943	92
2905911129	81
796889936	246
3073069780	259
117748506	137
14372486	137
1230894146	127
2596868936	35
2729881963	14
2324941170	229
293565565	185
1355481840	185
97989357	24
2514694796	35
1916058510	90
2693907061	35
3065697439	232
3164562380	249
1322319715	164
1438162062	185
1570141640	156
505038379	24
3168077893	249
1951864477	8
2850931840	232
754100791	93
2178794346	35
2944796380	272
3101833164	107
2613143381	164
2850977643	164
2874999254	229
449553573	185
2923716833	83
3012286094	15
2204606340	133
2841632648	8
73816312	30
2311557998	198
2249102753	283
2802170367	164
2468316619	24
2732888968	232
171475435	198
1216022935	167
295967751	55
1492429453	8
2571395916	24
2907974119	35
2646844122	93
96977991	76
548036878	115
3149074639	76
815579370	47
2315916458	269
1049196354	20
826608434	229
2867527604	24
2941198470	96
2167674121	88
895661047	164
2210545265	81
151246037	15
2946218042	55
986656184	156
2831175447	76
2500284271	153
2975173266	235
255807625	24
758900688	24
606157032	81
2361856821	8
16829397	15
15164565	53
3022049063	8
2885423114	232
2603139422	185
2577943753	24
1229893140	127
347833012	93
2304274585	212
571146795	115
2507887994	81
388780652	4
1462317296	55
1779941551	305
342861797	279
147994525	90
233070040	76
15978380	164
23908797	242
743800592	245
2713885547	93
73171449	24
45494617	178
388390496	226
2327027306	232
2701219328	175
2277873036	76
2904268027	76
2887077099	110
1936999562	55
3022980855	305
1682354520	20
2097571	20
279176310	95
212973087	8
2496483234	55
972651	283
27711339	257
2874372412	0
45846954	55
36327407	55
17208738	185
2919495534	76
3006989562	30
901948632	185
636318753	185
151652951	156
601437503	306
3190316708	229
2824796363	229
2821497982	8
346501132	18
39240673	24
2801915171	134
1348405579	298
1344897174	55
3000564366	275
10228272	83
2609829054	232
373663122	164
2982347888	18
2952791547	285
59682648	94
1274442782	229
285041343	4
556657717	232
726063372	185
387376718	81
264995126	24
2359028480	185
42202183	35
3057666629	239
2373735295	298
2635887277	0
2416379629	216
2914432645	225
15441074	35
2908742042	8
2895834909	244
103167711	40
19725644	40
2837039481	229
468336766	8
47612430	152
2806911005	179
763612183	252
22910295	15
2304596795	72
16076032	72
14048577	15
813138612	21
27466653	21
204864531	156
44449632	24
209176493	93
1375239397	185
356044518	185
3002903006	229
100629223	226
2825279811	229
2317336250	30
50243741	30
2801194057	24
2249157336	161
2253627049	38
3023080053	8
539382986	81
3034253395	229
2912584464	229
2949320754	229
1526640679	30
28838048	160
977697391	283
2883291800	76
2830238131	229
197801941	24
16984207	19
44196397	179
1626325842	156
20132853	8
2480853528	185
2574103094	242
2880582031	232
2964809699	24
2195293400	15
3025754858	246
1153045459	80
1467155670	229
1617517074	143
762127388	249
2388479082	107
767350766	156
2851085765	229
123781623	232
1513854438	80
3075822320	35
65168107	279
2474002466	123
2885868223	232
2397571440	257
65838676	21
267876054	15
212887761	37
2331886743	52
1626080245	76
298750199	160
2848022512	30
2961352387	232
180949358	185
420411615	67
216299334	223
2853009378	245
1419315619	4
1733223890	24
2301903929	113
2315654938	15
3080097556	232
2156218140	8
14293310	81
2716721012	229
288215711	125
2174603685	174
1239313056	93
174910268	24
3042415620	305
904294243	292
2367911	229
38502411	81
1362138012	190
2182339722	93
277286373	236
16672159	238
2976588909	127
2949094112	55
290491079	227
624585170	0
1493335958	242
2483027698	185
69499703	198
305916419	44
3012170678	35
3023401083	198
278428093	35
2870115140	24
3142501075	232
3140045798	4
61009614	305
2903791849	161
2853038078	298
256495314	283
2958960011	55
1044141200	81
2853019226	55
2855610396	229
2889022747	55
1100927498	212
1446460165	24
2589958692	229
313385516	20
2832884964	76
2832683313	229
2885846919	55
594331958	152
308472121	298
17665641	81
144337791	29
216172986	60
43775786	261
614165314	8
136361303	232
2834509828	102
5988062	185
2943780644	232
2915349876	55
2741956323	226
1041453240	226
2357252378	257
2893933454	24
2740128811	268
488263289	55
2245400322	281
1147538318	186
3186625141	229
2952007896	76
269488377	60
2654401442	298
2881114701	76
51749792	298
2827034777	244
3107795154	81
2917645651	55
958303194	228
3246701362	160
2211594326	178
2387381406	8
2152685876	24
2249159184	35
353070335	299
517680491	299
2373695989	132
298447990	257
822378583	241
207426991	216
131102007	76
627673190	48
1387780320	29
315558358	29
311852242	174
816653	15
2896429516	76
19263978	185
2895502927	55
16146535	185
16955991	245
230441808	8
73443014	8
1028706985	212
2987365797	81
25087685	249
925389540	93
2854191792	156
429601885	24
19059502	24
18354016	233
1132917457	283
2864301329	229
559602933	246
34507480	160
1238393161	8
14173315	88
2960491434	229
2764230506	8
2984887585	76
129845242	229
2559198357	24
403255314	188
192311511	18
3048308541	134
984229220	30
754867356	21
1546909352	21
954995377	232
536546097	88
3055846048	21
2856651384	55
3169348952	107
2832054223	233
554172683	-1
3169319924	249
2949570611	8
120118721	8
3173890699	249
2872048675	161
3168689954	35
495960682	185
1889198071	242
77723872	35
2938532482	216
101706262	242
233036335	154
2642628333	76
1853824369	30
1056850669	55
260821810	29
147302923	29
2728551676	179
3164604932	249
2762492194	298
30974408	236
221699889	28
479806408	28
148246711	8
127483019	8
2993543461	229
597697138	232
1196813840	216
369060064	8
21125885	8
17133807	8
2857615935	185
745143055	31
2915574121	156
7111412	8
3168068300	35
798750164	198
14905139	292
834316544	202
288333760	305
3000400991	55
1893394914	81
190586896	167
883665020	283
259132164	292
3187653402	229
974885028	232
1240405975	161
3088761929	114
3164647951	249
840015895	76
2601258566	185
2583028928	48
2975267417	19
2508473659	124
2852976912	229
47047946	55
23818581	76
3241307357	232
9695312	81
2927925560	153
1125937411	15
325994757	229
355509893	124
231857254	76
114302027	209
548006311	132
34655603	127
462533057	24
2380988101	225
397016941	21
2565581054	257
1175466229	153
3126788008	244
2902648825	216
19167202	132
1595505840	134
3093924046	61
2430564295	24
1013343390	244
1344951	236
2982792446	47
425594143	76
2859182331	55
3144698149	290
310401632	229
327580041	153
448411180	186
3011782856	15
594436879	229
338923772	291
2789356068	24
286742737	229
948500095	8
3125552620	164
50515656	306
2857967952	93
25417455	232
197909819	15
1160943187	55
2576416237	298
1191810908	35
1055671562	76
3136149169	205
99915099	20
2770239254	164
202695182	133
2886979846	216
151432737	81
2332260356	14
286906860	216
633580141	156
16887175	8
157851313	298
2988669536	134
51635729	248
75509967	35
185314895	244
16679529	156
134164413	24
1703499732	184
754135908	207
175262772	21
1292449110	257
2690678510	4
48383289	29
20678866	32
2687653080	203
330705266	24
2328344389	55
70237397	172
19135063	8
2817419912	283
14569869	167
221973752	55
198270108	228
1549014950	31
2726349521	213
185406577	133
247084658	185
3167311904	249
510237524	4
538666879	24
103245739	161
388480132	86
158429303	174
723490698	134
2270794502	185
11830	223
33315010	275
62074197	216
112289040	81
2784707616	242
1088207396	61
2249160493	55
628260397	30
18804875	24
2745437596	298
2501727170	185
3024296249	232
3123478630	185
2561145403	8
1747894784	179
1731425108	31
2882614503	29
2177420990	19
560954632	160
18681139	232
2393512436	24
2687627611	223
2359300070	304
74433034	190
1239182238	24
403245020	115
749930484	157
398035338	156
708307370	24
60336996	232
627593296	167
13374	76
168090600	228
3168057792	249
101617959	179
632413848	16
3245761295	216
34262462	298
105004195	76
135984962	164
1618225981	299
1004421984	76
1298935814	24
17093617	216
3075230464	263
89905712	8
1918958652	55
354248645	164
572246947	115
2751965636	232
337769311	115
780608418	8
2831804640	156
410076442	185
26900055	306
601770467	232
90429500	232
547804559	21
495304332	230
3153461745	198
18688448	142
574448376	164
383830912	8
48743186	233
423142424	8
3119328569	76
2250645076	185
84279963	35
72064417	213
2772761212	35
15012486	24
512603070	81
154590712	90
627436907	8
196955859	268
1044341822	59
230930518	221
248814697	37
2833631352	35
151145107	244
18839785	190
2715115656	131
2479522737	115
2461887810	35
18185124	232
819988652	186
346257997	186
3144874178	127
154747345	127
2883841	29
2358413663	81
1075214912	132
24871896	93
2154809037	35
1374375582	216
158314798	76
1689951668	232
1027762986	35
17951326	47
386875275	236
328805183	232
236738600	55
1073330503	24
1519422176	20
111986793	4
20194311	267
120292807	232
2392956788	216
484815388	16
3149645868	29
105024042	135
547110547	92
534714872	124
248666147	71
292605204	29
348056057	208
2683637020	213
344184791	203
2769858403	132
429570086	132
1655253236	216
233335916	76
40059553	202
1616335801	236
223622738	216
3094617768	21
591661900	179
948811464	232
2360079811	48
34895713	75
20007956	203
2863362005	35
2512971033	14
1247924587	8
1667447060	120
1628148404	120
931074001	292
268414482	216
240658286	8
35051304	20
1559121224	167
2872994211	15
3039428201	291
489972451	68
1634552636	156
386056887	203
2855097053	42
17264634	55
166329578	198
17344200	246
1589547408	185
2616977977	80
108729879	232
471243860	179
115485051	76
2517068303	115
2708230802	229
2922510686	229
1353465248	229
2889009235	38
2846051094	190
347810094	139
45715838	261
508370809	-1
2741760121	92
2976337949	93
1862122982	160
2719455334	153
3165869946	164
3167873238	81
2617242450	190
19899606	76
2915194609	0
489705506	244
16264006	268
347627434	232
2792948072	232
1187040751	213
1277809026	242
745396902	134
15439395	308
18415206	298
48654466	24
5971922	242
51241574	164
595195485	102
2578922137	156
603886340	61
15995155	93
2515392175	93
2153589210	170
264451340	85
2411611591	149
111556576	229
16745015	186
3063586893	169
227827584	164
755113	164
363961928	35
1334543912	203
95023423	81
118843285	232
47702338	24
2842266423	210
2878616599	131
2841113596	113
3118660265	8
2773868449	8
862551800	153
168078468	203
2664644993	113
526499810	76
182262753	76
1604444052	24
2490457058	8
30313925	88
3017261102	268
2746595327	8
20015311	213
2731946373	81
3080316327	285
159318034	239
187626904	239
3210028947	-1
3186676958	8
3244892931	179
214129403	86
348058612	238
2547240355	21
599751648	8
2250513013	102
16042794	102
93957129	30
65860206	30
2640348769	185
59200080	232
303324434	241
16596200	31
337942296	242
1651939266	21
256986185	203
2901564752	232
3192759812	229
528723778	298
1163427092	8
2442767168	14
121892950	8
344353998	123
25611564	125
22452058	35
2178282403	203
37323294	164
29417304	164
210917642	298
190367583	283
2849814681	308
3031120750	24
340272403	202
18734884	76
1711336435	198
2485474124	107
60050843	115
2809180692	81
1580455592	202
884378714	113
36417162	198
2495978936	185
3004800693	216
3089941363	203
3080878796	164
457164241	8
2514764396	185
2695672406	35
50523920	24
3248196501	24
44949890	81
401656531	250
233299602	76
2911415899	81
2912870274	24
2865967225	24
1446369012	255
16495147	65
292777349	209
393696247	14
840897602	-1
268287205	221
1586474202	76
389238190	210
603590522	24
166938112	156
2240236970	292
1693744262	76
2668160068	229
263748985	185
289998339	185
2853230504	298
1395923928	167
2191018603	61
2392162167	229
457692129	285
2385749072	8
2552696280	257
625178544	8
2579239620	35
215103276	232
767002579	8
3012612248	285
2789071658	35
23636912	16
835083097	59
2882507030	35
23375688	246
2852359916	283
2923941843	0
3012769490	156
3160789378	8
3022045469	8
67514751	226
2712571328	226
310513836	232
155068208	216
1413647149	298
152687079	24
1270147956	185
1052853649	185
2813693810	94
2853229028	229
260808148	156
1686130765	15
982375375	30
710302327	29
552181715	156
2485800751	134
2291428702	15
2659855003	246
928290080	232
558284323	132
2891498340	257
2572190766	257
615496495	124
38647512	35
2907664279	20
3071362808	285
14629315	276
29396516	236
1451238883	24
1428493958	24
2354523650	223
2342345687	216
128023009	30
3023106389	15
297128100	115
2988324188	174
2611157111	229
358204197	7
3459051	76
2861846281	76
2861898380	229
14885549	18
2227779030	232
3207382295	231
3049529122	232
1173662634	292
1126581884	15
363189270	111
1358498090	185
465973	149
1478056998	266
262539059	8
2390334434	257
2515449781	0
16807528	264
160396614	150
3142175091	107
159447476	24
2489781678	55
491484563	27
561335546	35
2312659651	229
14138785	15
204336765	185
412948496	257
19564719	261
2589076488	29
1707855049	232
275415306	24
609058371	93
111946118	8
1955065141	186
118527732	64
1582341876	81
418518410	248
61126132	-1
1407508897	21
751181353	8
39975533	166
255546135	0
493249666	288
2954139217	8
20190571	269
26101062	283
198065433	246
20678384	239
113410319	15
7587032	284
408548387	0
2942084491	229
2430041365	133
85462891	230
340671834	296
50228468	185
142614009	283
490172340	232
37179759	80
578849272	8
23095992	139
221463677	302
3065005214	4
2956036099	76
388262946	246
367136122	162
2611121070	285
735086305	306
23568860	24
2726375347	8
15687962	185
797825881	246
19562228	213
28897926	143
2402194602	132
2362120658	149
17924806	202
257226960	14
2481681367	229
37501003	203
2287757703	142
402401015	226
2861221823	24
1964261389	16
197807757	16
1574012922	81
507778236	217
333168411	113
245477170	35
2453509410	127
30767393	213
2319233385	35
395149823	132
3102403537	174
3073962100	292
1411591314	-1
449614269	127
2714607003	142
3143131417	179
2531999748	24
122539413	298
110989773	76
181133738	81
416842759	246
238782335	257
1372975219	-1
3012439010	55
33597201	216
1549066418	138
19017675	115
57917716	8
1496275866	185
923075917	132
3129377497	179
45805012	200
240649814	166
371357956	229
914159126	161
120737021	174
375481345	24
328534217	296
17537467	185
345811633	8
2506720521	305
2742829172	281
835399226	241
15574237	153
245548093	0
1260735456	216
268878971	213
15203904	8
1406539518	246
17995040	303
508086493	303
3003161493	229
111969048	35
525312787	55
76058560	83
39536151	14
1087805726	4
2278332463	20
228635610	232
1658095405	35
1251417968	28
2388673002	35
2330299633	24
2853208243	185
396086694	242
2734087717	20
320297405	21
87818409	24
2606094265	24
427687855	0
262006462	174
28335508	8
2857072480	161
2493503082	24
75480747	8
2578960633	229
312230865	174
392773603	190
1258444693	229
108006063	236
219617448	120
254759094	229
713993413	212
2854620710	229
2888320837	229
429802075	121
325265546	15
2984111469	0
2839910227	216
549510165	258
501500898	93
3065125513	18
33495086	18
2927919632	298
587686182	32
123417995	121
1250312202	198
2735254797	306
564412232	212
3121205201	95
14321767	84
2955763231	229
19355850	160
2274412896	232
386925974	91
3091485126	203
89837927	20
551871431	203
2744328880	216
379709153	43
121213242	21
335172871	30
102666678	238
2650001737	35
293451031	222
1723524199	298
3026585007	232
16248319	298
315651238	55
2895216635	178
196795202	119
14677919	197
531757323	55
788524	197
2862558397	55
2927745493	160
2447698327	8
2301645561	35
235260472	35
2597430834	233
1045630836	216
35179560	134
19897138	228
481908807	229
1073676020	275
403246803	153
18424289	156
56196054	138
471436748	138
28595930	93
2795710067	14
23065354	104
3005421481	8
289869074	134
115465399	213
295119772	164
1284739868	197
516805564	55
2312262702	55
702981799	242
456957294	81
2717697042	39
2324878491	200
516119793	153
2300508674	61
15227791	298
58621011	198
2821535404	245
993668160	245
3183233220	49
2864304623	29
2786506099	35
3186747547	232
1851740701	185
17681513	8
2156299840	179
3238541309	179
2652993068	93
1321898108	265
296623811	8
2921913019	161
996745718	246
17203795	156
5360012	200
55767354	229
216430965	283
2392558074	216
990434610	35
1086139884	246
45177874	185
543567716	15
1650553682	185
70456877	76
2708274152	216
15300388	55
882013292	229
2827177156	156
1199528023	132
2944026101	232
2857618934	76
13049362	269
866504532	213
248100395	185
408292870	81
2744430878	48
2937707792	-1
993680454	185
19725981	229
2898641801	161
104707093	55
434700167	113
1636977864	292
631101224	229
1227724117	229
1833919200	124
87776462	216
150272164	306
165553755	156
204010235	185
10671602	205
1223524129	210
18071358	198
469574767	242
615927039	242
20559812	229
25637892	172
2264059305	8
985172054	232
574126602	292
3101674552	134
1083314617	134
1960608584	257
1182464430	185
134971995	164
340688801	127
2445863081	185
386814330	153
321445166	115
508971593	185
95431448	242
80073572	257
102862303	59
20562637	284
19329393	232
2936910875	80
31193919	30
53338746	127
1040345384	99
981299726	164
954124423	245
243844491	133
1274492916	20
2874192619	216
21866939	212
379066161	223
1694170675	160
467830681	24
23482952	55
2878144883	298
3193850094	232
541063375	35
394702063	185
714973075	24
204584481	226
1379288282	107
500328872	124
274239614	76
26809005	232
583545411	92
464747517	92
15155074	92
34613288	257
2673267331	168
374699298	168
411173092	298
337886919	298
1650528535	61
473424516	20
297063812	202
1385523852	8
2375728898	93
37344229	266
883223264	35
382402366	268
65186457	48
1518643968	29
39596022	308
1639161666	48
114026804	257
16896485	24
2266580593	248
209867913	248
1216611566	288
1244325504	113
46116615	40
2960799918	76
26780375	284
487736815	241
2852410806	198
33944572	216
411057401	24
309859411	257
64929124	202
15821039	261
142852673	88
2731361813	223
3141285793	257
3188280715	246
77888423	257
1862735432	257
550358933	16
489309720	185
3000679110	53
39182708	38
27776098	21
25319414	268
251869709	216
506450829	29
2534509265	111
2760708479	55
271219664	198
3176347518	245
2980573906	-1
66033904	8
36673331	124
2338427695	232
3193943359	8
2691412502	154
2971054667	131
3152213014	21
2915651910	229
2227385930	232
2490679218	216
2374632571	8
1367531	8
2255359261	198
113496018	179
284441324	171
2857858987	245
20565284	221
441636351	18
3101851060	229
22178780	134
2179185590	259
2706532836	24
125122481	24
1870188672	298
1089204217	229
181631962	169
1659500898	24
375363997	298
19383317	30
219049532	29
629061304	203
604797065	33
1121163822	233
631952036	24
1726076226	200
716990305	24
176224244	222
860002934	223
3167602836	249
3190726776	161
2985456181	248
132154104	-1
471741741	156
2801465651	216
2156132011	205
64212398	51
14458280	73
3100245167	198
3017046094	179
386125006	185
254943428	177
1957659679	20
3179516228	81
18927441	16
7157132	185
388681302	29
3023532574	232
197444103	247
3167111368	222
3139641860	265
23767944	15
17673358	96
740646690	107
2698830187	81
2952202054	119
27260086	76
21186231	20
2714254079	226
1372726615	226
2174781979	153
2371338116	153
480944945	156
146418942	8
1118617760	292
2985666330	20
255335896	29
22240612	88
477919735	15
284321286	198
958156806	281
2279061590	200
495074577	15
2984228714	190
1742526258	127
38205414	188
369934613	287
195648119	24
3129757791	244
20098015	121
2841140557	305
2767720989	245
3161084697	179
382561193	29
718487766	232
189671070	179
2864963165	156
3027719808	222
2327500422	55
395797972	55
2905880150	156
1178700896	244
2886983705	164
216147418	164
3130872172	298
265902729	28
2887405884	298
614476731	37
2565879205	24
2613825849	213
1048752410	53
318673863	232
970628388	149
879589964	44
778714123	164
1549232250	299
192669432	164
278901890	156
237025113	213
513159565	216
188003338	71
65395120	71
262748432	164
16184358	8
631873001	-1
2288895493	24
2601674191	164
1183966548	179
75311070	185
1573147152	24
376072494	203
259435698	156
477583514	20
18949452	35
2148502363	76
497022709	24
47555260	40
229947858	232
742143	305
2228551975	55
1055049295	246
1560367375	4
3248612687	0
717243036	24
604512856	20
2594571000	277
123627871	277
176566242	15
2313922076	257
18334825	8
2752306711	29
17895820	190
598130646	3
2923757977	16
322889483	213
18510860	156
1261114909	29
1273961408	29
196432497	248
1976257807	283
1265301684	229
7125512	216
3193929937	232
52638336	52
3243264274	94
1607075220	210
1203282085	24
2235565334	266
264034657	203
2958078912	229
2854589418	229
358872301	264
2856216493	229
160714475	232
1722994074	15
1597149992	4
100766356	15
409941587	157
1112465706	232
144130505	8
2301573020	306
254532199	44
753805616	80
490746388	223
310672436	65
3188273993	246
179732982	185
825934369	35
2274980110	203
2923543503	203
6160792	203
15288851	61
2539016140	76
55369958	15
2346427128	236
2925272120	132
1475906437	8
2811718220	24
2894232981	200
2631318796	8
2422885897	14
3099897763	35
348379865	64
509804148	179
3017881670	216
2895864691	156
380399508	298
392413216	232
20054788	263
2853027030	76
798234950	236
2522004888	298
24190981	244
3035995972	113
2396963845	261
2963444573	29
2588309673	164
3033103596	164
99722237	185
460577661	99
58945187	164
7744592	232
44779046	216
1234100064	87
3056089547	164
1078287655	242
315944894	131
947969479	236
2712691926	283
49165567	164
19658826	85
73572581	198
2786723739	174
551149727	76
18091004	164
2557521	49
75610842	35
22411342	20
469774093	236
2825375163	229
268531577	93
2347667781	216
25363826	93
2740314917	232
233284830	232
175439376	59
1031196697	115
1391499938	162
116969334	264
713317677	93
784061701	185
2614333320	59
818018474	59
82941287	133
2220723416	298
13201312	246
15459756	81
189806241	245
15279429	298
2300163000	61
3011373806	59
1616352889	161
3238811387	64
2405909387	6
472286193	18
1257924116	18
1522527936	93
2733799915	236
3207450976	35
20235032	76
3153074954	52
3161225497	107
9207632	282
581786883	110
29061673	211
2998068713	35
15754281	134
14934818	241
718957124	232
560362416	132
34580330	93
19667589	239
253502245	30
1015764030	232
227626917	20
441274911	16
1206103616	16
309724194	133
502050308	107
2423027420	93
410186746	298
605822673	48
3245565507	42
102401151	20
20177423	64
891291492	92
21447363	233
169670184	245
2615725926	85
326159852	268
15821836	231
565716226	232
1071187622	76
155620461	161
345569024	44
39689218	153
3057649773	30
65617648	185
17344075	232
477412431	15
546975534	252
9890492	284
260998694	76
134234000	171
752140286	31
537684550	257
608433158	198
2364582403	52
3195546722	93
95806583	93
999015600	8
602250265	242
2572836485	93
130682467	20
1438892436	8
555928038	16
19955482	146
289118612	88
213320007	263
1068622590	81
1902237086	8
2902544005	81
17468528	127
1032487710	134
185019826	127
332927893	185
344891446	304
1283343019	8
3115925111	92
2420009491	236
1556425879	236
1326471859	267
25036511	267
791077327	244
251881119	229
2279809478	131
157140968	59
370699216	133
19077044	76
551421004	15
187742960	31
20596281	217
40802986	284
18676369	306
2461487263	76
1008151898	-1
308759071	0
3227441614	35
16212685	76
215952307	3
1960283150	268
380648579	185
974198634	149
180926580	149
158426128	236
1734406626	164
325455291	88
525060895	202
1093762639	203
2490557137	232
9609632	20
2319879822	8
487118986	308
2961578114	257
163645988	217
17842366	164
210969105	81
247749454	185
154764345	24
2429570119	185
635168996	61
1163993420	179
466589317	216
967467697	245
501477951	174
624413	213
13850422	179
3000798786	229
237284687	24
255388236	294
547607608	257
69549218	213
18823758	154
3195956729	232
261481937	266
3156146339	198
100017224	198
148779151	232
29442313	261
73593143	156
32469566	213
2958642883	127
2232996836	283
354817469	75
44700124	8
2835783602	156
96877126	164
130138925	153
1597482762	286
1163718781	24
55049489	283
1217272591	179
2483110765	81
19136331	124
2182388328	174
612924569	179
1962277789	15
534077258	80
328484372	198
1272031254	185
319885759	35
1034665663	76
19923144	268
230370404	229
1596407005	229
352145373	91
884595973	35
3045504134	229
1904790398	142
288963290	24
266178979	248
1857537698	30
2888535782	229
1977892249	16
188504956	185
1453376191	20
2899488452	47
62806392	216
2928184566	229
1495302475	75
19247844	133
2783357628	142
250326581	20
2936797495	164
2876212357	76
111442679	153
1081982948	185
15143478	24
410821029	156
101444951	160
3230521367	93
2864258395	229
2352838445	213
15639696	189
368032559	18
1638021792	245
166747718	272
614536075	157
2689066200	55
2955508228	164
66967746	164
1962085568	113
3032227927	298
95440193	223
543663086	279
581994177	29
2709152000	115
523427919	162
3245325490	185
213009133	216
555370896	153
551608380	53
34258758	266
2676539691	298
127490253	229
98973513	35
51022910	35
229724396	285
492991594	24
63251769	127
968451061	171
1851547068	8
2180929803	142
478169412	287
1154257748	232
2170993994	0
369440099	0
268430219	14
84968459	8
3087277078	298
16827333	185
1387500614	167
14306228	15
518868220	93
390860562	244
167409841	55
27218369	28
16902662	232
2586255218	232
390718053	236
1127521118	216
47100452	306
564580517	245
214637535	266
958813993	203
853966525	295
137200746	161
3194908543	81
848724745	127
2375771978	16
2462483304	20
29995782	223
407666947	216
2282902766	108
2355003864	164
95871559	35
1705885393	185
1430736392	298
236657933	93
97540618	257
26199963	164
3192335418	229
115622213	282
140800210	76
199669993	164
14783335	15
1362744446	171
455579164	127
21888595	127
246983067	216
178747798	246
15458694	74
212517985	8
62930111	203
2574072036	236
1198992138	131
3085595409	52
152806631	4
61015562	93
1546823898	81
2855303731	164
2854298322	229
308590325	179
126903716	84
363829890	44
2964984360	292
2596351088	29
13929092	210
70054190	257
37972440	93
15846407	115
19722699	186
131227609	143
2880499907	255
558797310	24
588992393	115
3102714679	30
381030706	142
25190224	231
292819455	113
497619562	246
2438849011	24
3164643306	107
11348282	14
1152798864	298
2292488509	15
3134219981	257
47688979	185
2860112704	29
2866330891	24
411528022	8
600197134	83
1615472791	267
18863815	53
2737336521	30
370631455	30
2875343207	257
2800436557	185
2334990484	24
2211336355	130
572688124	296
521586886	29
1152279248	160
2204794712	198
341384550	306
2368026727	81
21280975	24
1373122520	164
27844479	156
1041346340	248
1290162984	131
148034504	80
2324499277	216
170378065	48
166767883	198
2881746799	298
2859453478	8
63896875	21
2973453269	248
2474871732	16
784282147	265
223162337	186
295261244	306
280082481	102
978908012	81
330088095	139
2156278138	185
135452100	141
599189624	4
2327807249	164
2634665805	72
346289745	146
2718535420	232
294091844	236
1688957876	188
2997409222	35
109303622	8
2878783208	127
233853114	107
8071902	207
770610080	94
99175888	244
2568456966	244
204832963	127
905898240	229
16935292	15
16312576	49
952112047	298
3034102828	203
52803520	232
2893992213	305
1698213277	298
2532491197	21
278662460	298
2799553738	216
30261067	35
63155859	90
2471379728	24
1089159392	125
3012340369	298
1650547956	134
3043779423	8
1652541	102
104366475	305
2914543809	24
523511214	233
2158121408	296
2458257924	236
569027883	35
310687757	44
349390574	292
295734708	20
2476503910	53
2791820130	20
2367385932	198
1337608566	61
246194416	76
714887952	35
19074134	93
14063426	15
2329626888	76
2943039517	93
288205018	93
29905001	8
1332794598	131
41678971	8
2298542347	134
2616919280	81
587748025	307
1530385782	24
2407069621	26
63528313	232
355784391	216
106379552	257
337661694	268
2877069762	242
3091985887	292
20823773	207
1293187922	93
889673749	241
339596853	8
17889697	113
127227438	198
3005230119	309
28785486	14
366947884	232
977614921	24
126400767	229
2956128776	35
2546367552	303
1437485880	52
1099124418	171
2834394271	8
16343974	302
165802954	-1
177546627	8
73657657	24
2950664863	229
147994804	242
2853350815	156
370536393	76
2352171875	171
100533307	171
759702715	16
436166281	16
2665888100	221
1059194370	203
493039607	198
747378432	198
1942819082	257
2308521792	-1
41584379	216
1314693948	242
17482727	269
15220853	35
16012783	39
2991581923	229
234443392	179
156803045	24
29679788	14
323860129	216
1239257677	14
403495509	132
2792891226	24
3246809866	160
98236782	160
359099321	30
60658925	169
1895748654	55
2725825164	76
298507016	88
189917061	269
2875224278	229
189264135	265
2411488800	269
404916846	162
3231707416	133
62988756	157
355741893	81
192547775	174
469194846	81
2448476822	8
397009308	174
70725281	39
2318453659	246
105726521	246
1918161866	8
813286	124
918346674	96
711694309	269
405427035	261
97764463	14
160952087	134
2370345296	72
155659213	242
210341090	212
2478045313	265
1957125536	24
1405465364	80
700903452	154
483195215	113
2904167150	229
411112055	15
1889388084	14
233430873	14
140195719	26
786796010	185
344316738	252
872374136	93
262881419	202
1463880866	185
6433472	261
610278385	200
347753538	19
3007514080	156
445684312	248
122392884	223
177584156	90
108568373	179
1205532768	62
126370504	53
2306993485	19
1107802118	164
1962569347	164
2575509936	197
439983001	16
1642135962	35
295078218	35
233930436	55
44606764	210
33467823	120
85307509	179
1375507088	232
1028998158	33
3009335798	164
16031897	216
794237436	90
19045202	257
2927245646	15
365727826	24
2915472805	24
2975201317	24
26145732	289
2975144004	236
225425967	261
2698488606	178
205278393	178
853324519	90
89719787	8
20944649	210
138749160	131
315113964	31
422178777	8
337502808	229
180505807	53
1611635503	203
1368394291	0
630570869	305
556748509	-1
495256374	176
2743302946	90
210869372	203
65045121	203
1561448815	298
958394184	88
139399835	77
1450129494	174
513493043	236
2778537414	24
525808515	142
1051623349	116
1245699895	60
240908542	35
101311381	248
15066760	-1
96951800	76
2845746805	16
3092553311	115
891826837	115
26257166	15
14234323	244
2870078111	127
24506246	213
2606878211	265
417118683	269
2415178633	131
1520429624	216
1612009542	20
14691200	8
2823192415	185
67254176	164
46403451	88
936241338	35
23937508	250
2569854282	308
59928629	79
53120768	76
335107974	19
2263196432	190
2896053594	81
535734168	55
365709922	210
2864811152	8
1630896181	202
1177150603	92
180461338	92
1667937391	4
573459961	55
3056468552	213
2959202966	229
18856867	15
2591578956	185
43139414	116
825568658	16
2899704195	284
1352586948	268
1340030011	203
2920603541	236
2934092924	229
2995789706	14
444269803	173
149471456	81
69751644	16
303636266	229
2962309778	8
40915216	35
1890585254	304
2961650738	304
146239002	227
49153854	227
21734525	164
21111883	257
14230524	160
2911418629	21
35787166	160
2316464970	8
335957195	266
19426551	161
70136539	40
2322035263	198
2786109114	198
2388630690	24
232453954	229
2761464558	227
980424290	157
15862891	185
385144774	156
68977380	185
414323219	203
479809444	179
206052014	164
633699806	246
17446621	-1
17474081	78
170301850	-1
479371480	236
360173263	76
1121314034	244
584503969	90
1243573092	160
1370793218	279
547306582	205
376373627	203
1893023221	283
60166101	8
187147866	31
295278719	257
496444740	93
365953260	267
2735591	110
92731878	53
60642052	35
70722499	8
56567360	216
738544640	30
2368289594	115
858636494	103
2873911918	216
457554412	10
1046451702	55
1714645928	232
391222027	306
102325442	37
707988829	115
2809985634	164
753927728	246
2408894270	229
130734452	306
14631115	-1
548850667	164
724223456	164
890940708	232
899123185	232
310385711	135
471287735	42
2819889015	305
2581857086	20
552907561	185
2764270164	53
1665731966	164
386795602	15
2193460398	232
142977623	134
790380559	298
3198549169	249
353304204	8
1627434828	127
1653442136	236
64090343	37
2430359540	185
1912495573	127
571964518	8
438525539	297
223831644	297
351500707	227
46143892	52
286998245	306
1006147128	-1
2926072451	232
342601720	8
1343486720	8
2321272902	283
2891309844	246
83805213	229
110647540	302
2912725944	21
2928612054	21
2291013864	241
452155423	226
17672825	35
329122602	93
3145892181	53
2584658958	29
2159654455	24
720942246	130
162596867	76
147305691	268
2928749441	232
14367719	299
2299602896	24
315919021	229
253847516	134
279966754	134
956538625	210
984413802	304
2808055427	202
416983726	156
398496398	229
23008264	20
572225652	203
1701560484	232
1994321	-1
443802049	304
2998408203	60
967927723	298
310298584	298
1020058453	211
523454122	305
35393436	28
3185311982	288
2372143494	124
180542862	49
601066439	49
601862797	21
80144576	298
463256612	24
3015294849	185
83711992	138
15810778	306
213170908	210
2545929411	292
2987620812	115
1556393042	135
235923316	275
22607317	203
1439776549	221
2258357868	93
143145579	33
2795058654	14
173199373	236
25073877	265
219126735	4
307758523	151
15290441	134
2423578639	21
332788870	59
2965097621	53
2945248740	53
9300262	153
224071464	48
1672592058	28
1732776422	169
1966606086	8
2847926257	24
2576098729	24
1542533869	52
1370986902	257
1385225760	108
7517222	79
3054161098	198
395639817	236
322308666	30
1871304199	216
111854692	223
2479229894	298
60937837	78
80973698	160
19017237	298
243287822	113
2793812367	8
581494085	142
337573077	8
16409683	236
2407441519	143
586189030	143
1434667333	185
103849564	179
554560838	190
2855172361	245
2803150890	24
3004388790	249
75916180	133
1735390164	93
2961319308	24
2915678368	246
383071848	179
17839398	188
345475302	4
619374235	179
21477475	232
2243506671	223
399239067	236
3013690866	185
3069380196	203
2453781038	203
14182050	216
22256645	93
170656421	260
1408603196	102
2376884229	232
221412285	261
521924047	119
706703744	179
2756165179	154
2756101566	290
137099011	179
1068121346	169
618799066	203
30541715	238
233973953	123
1302796046	30
40981798	15
272175633	212
14499829	236
64019328	216
2332001893	76
63822383	268
154591990	0
584693105	81
106345557	30
2483018006	153
16664681	7
145353566	37
1694144438	202
167714664	257
1968166200	24
519196613	24
2826529099	268
60783724	261
2305497380	7
1884474392	-1
2504805680	306
149283816	61
1536791610	93
16645396	203
34713362	135
156357024	269
18038269	119
2736228563	35
375478760	229
2327021581	150
333862971	24
2252610394	53
15384969	65
1008769416	21
450131592	221
513739938	55
25550683	4
21701757	283
90804267	306
237458116	8
1209342523	299
173215076	223
373141222	164
798176084	131
1967409354	244
596674004	4
174898946	15
2533157306	164
487678829	198
16078390	179
368703433	242
16589206	245
163345979	132
43017766	244
158270026	203
23328929	241
124083358	76
3092818390	35
125944392	76
2925170066	8
73402979	8
85657578	244
591743479	138
3150436622	8
204887235	288
2884771	28
1457171660	239
1912839878	216
75133639	76
22151193	139
1385216851	185
130684475	209
65957347	190
385056910	90
275020671	236
3168867441	127
35586563	-1
154591004	28
2444274324	18
1330457336	132
2930832902	198
3242196101	67
2911323440	198
39076082	223
14529929	223
2202282662	227
1877831	179
525954207	203
2790247262	229
93167589	279
126895475	244
1732121486	20
2440735409	202
2762156908	92
2739992415	90
3289003559	8
190704117	239
2208239570	185
881169121	222
2272839091	0
557455977	216
136288232	59
3070126627	172
1533781267	76
358341492	179
2210757679	93
2896294831	8
2314997534	-1
3152278741	216
16554252	0
25460615	0
72034591	35
577933995	8
408177579	185
1549694504	298
131752870	29
1522605313	20
21217034	229
2975150214	8
3139871298	35
2787221631	132
224200628	244
122025193	36
124774389	242
132385468	15
1705422776	132
53934168	232
55916788	232
2575345118	123
28409795	123
134229245	166
300173966	246
353593353	267
2832246523	74
372001733	14
434525624	93
2803485146	232
525949931	95
588730194	172
1470792774	281
16548023	281
3150900176	20
1599171037	127
19063323	275
46576295	216
3198523885	249
284197383	221
1115148079	244
873111349	221
786764	232
17314715	16
2747938309	20
14800270	88
152797988	229
368478291	246
527508915	-1
17781673	232
198483889	34
2441831348	149
22796933	216
15438913	24
495306656	245
313834965	53
15319698	212
64005334	292
73871975	123
423783965	216
1117957238	153
462312323	133
3070268800	259
74580436	115
503130505	186
2493199232	93
149913262	303
21219827	269
378056166	212
613479938	276
339057875	216
20980592	160
349300271	156
968853541	154
1891280354	-1
35695228	160
102268884	76
2252810378	120
78941611	132
466385465	24
2903243346	76
1548631686	16
954414061	156
16027904	169
604354270	203
2736335258	15
3195201557	227
308297673	61
40076725	298
271413771	297
1016153754	202
589188158	232
101860691	203
2155950007	203
2212930958	233
2476544382	216
17525171	138
20751449	226
17884729	269
432095498	93
24277551	93
383387286	216
457141274	216
1290082680	228
2579367470	-1
254830969	30
16542390	202
95765406	-1
2899195229	0
2875052947	160
325076723	179
15891449	76
343547084	115
2241789872	90
535789798	257
601320686	244
215394809	156
15084853	115
237074442	248
14772687	127
144608937	93
56783491	174
2874198561	35
2354128850	8
19248106	37
14085146	287
2275421892	236
834370320	37
2748341295	124
1669250269	127
523512145	261
129235890	174
1380665401	269
335972576	305
330493390	248
929664925	37
209003577	233
14647570	308
195030017	305
73137927	43
2629502950	203
1061616133	93
718167032	53
930245052	88
2384819528	76
1546270652	232
45833180	35
15166316	222
3150550608	127
20582958	213
129573436	-1
138822469	88
115141256	229
222113167	-1
2719506284	184
3036560889	24
255544625	90
39743812	266
171621197	81
2934423981	305
2328139452	94
1887797048	43
14906561	160
2494344283	20
899371909	15
1016021178	15
152208943	67
110827653	67
14159148	281
229527568	20
2836421	162
633015558	233
176462613	233
2750836074	309
2223239942	8
338323291	229
1030711922	149
109344781	24
2690166187	24
443529647	277
2485544828	221
96013710	29
440429330	76
1540923774	139
137478201	202
73258325	210
17855877	291
1052749182	-1
2277418890	298
1416289596	135
55246492	35
806133	134
375266631	190
37168231	94
2272085185	179
733640029	246
590041928	230
321970500	203
2435694230	298
14498713	149
343544824	236
208083510	229
42519612	0
2183621775	9
26792275	294
355708717	161
20264905	160
307548363	269
762380863	244
14387275	221
1358241590	15
293793948	132
583784183	198
238143925	53
7867072	53
12848262	164
2563468025	236
1659333062	157
161452925	48
435225922	298
458638776	298
36008570	179
32128600	229
380369476	-1
14992840	-1
29898542	298
988065253	241
2297244138	113
41831995	164
20402945	179
237634998	28
30122242	185
69356087	232
4898091	15
911620201	96
595994647	192
1205974434	16
19774069	127
17915334	223
3022356291	233
1127099168	90
338968305	76
2655830472	248
115754870	216
21246105	127
2287659854	213
1561123663	304
20646711	15
58974496	211
16824090	8
78787098	52
1669781240	8
1086485478	257
236549282	284
500704345	292
981057535	304
331311644	48
23205168	4
129900508	171
24968293	226
45804349	226
69008563	88
402181679	229
301425474	287
24705126	203
15669672	-1
2308516939	127
