-0.00000009 -0.00001449 -0.00004908 -0.00000114 -0.00008906 -0.00000385 0.00021575 -0.00000964 0.00000081 -0.00047851 -0.00000102 0.00006385 0.00033174 0.00003284 -0.00001593 -0.00000272 0.00000140 0.00000695 0.00003772 0.00007900 -0.00038625 -0.00013016 0.00022743 0.00012091 0.00009006 0.00001375 -0.00000362 0.00007517 -0.00004300 0.00050738 0.00001060 -0.00006032 -0.00013174 -0.00001932 -0.00005431 -0.00021162 0.00007503 0.00016552 0.00056607 0.00031798 0.00043384 0.00009464 -0.00058229 0.00033266 -0.00060812 -0.00003056 -0.00000789 0.00005655 -0.00056350 -0.00066964
-0.00000088 -0.00002382 -0.00011118 -0.00000150 -0.00007416 -0.00044829 0.00047252 -0.00001650 0.00000247 -0.00038386 0.00000280 -0.00000504 0.00004643 0.00008974 -0.00017803 0.00002682 -0.00050420 0.00004771 0.00004911 0.00035351 -0.00006770 -0.00015973 0.00022464 0.00002242 -0.00009716 0.00005280 0.00003771 0.00008566 -0.00011270 0.00070275 0.00002282 0.00029223 -0.00037108 -0.00035433 0.00024267 -0.00026173 -0.00010061 -0.00032390 0.00076245 0.00022216 0.00116472 0.00002936 -0.00034308 0.00015903 -0.00107007 -0.00111149 -0.00001015 0.00014006 -0.00122440 -0.00002502
-0.00000007 -0.00000872 -0.00007756 -0.00000022 -0.00013244 -0.00000476 0.00000583 -0.00000983 -0.00000091 -0.00042701 0.00000450 -0.00027806 0.00007740 0.00001033 -0.00064404 0.00027754 0.00000732 0.00001785 0.00005691 0.00048217 -0.00100908 -0.00002788 0.00010584 0.00000468 0.00039348 -0.00001320 0.00010358 -0.00017673 -0.00008414 0.00008844 -0.00037171 0.00000051 -0.00030566 0.00023854 0.00002622 -0.00005430 -0.00001974 0.00027809 0.00064991 0.00075557 0.00036882 -0.00005659 -0.00032775 0.00031086 -0.00028776 -0.00046757 0.00046829 0.00008625 -0.00039494 -0.00090691
-0.00000025 -0.00001409 -0.00002011 -0.00000073 -0.00015878 -0.00000495 0.00000467 -0.00000977 0.00000444 -0.00049186 -0.00000201 -0.00043700 0.00095004 0.00026659 -0.00009399 0.00002282 -0.00000391 0.00002711 0.00008392 0.00007083 -0.00008408 0.00003775 0.00018514 -0.00008572 0.00045316 0.00005590 0.00048048 -0.00012065 -0.00002085 0.00001748 0.00028508 -0.00002399 -0.00005895 -0.00064072 0.00012435 0.00009484 -0.00000792 0.00041592 0.00080246 0.00087744 0.00012142 -0.00035881 -0.00033859 0.00031072 -0.00028656 0.00019911 0.00063606 0.00011990 -0.00071517 -0.00086004
-0.00000062 -0.00000862 -0.00005533 -0.00000043 -0.00023428 -0.00000862 0.00000667 -0.00001377 -0.00000122 -0.00069511 0.00000183 -0.00058595 0.00039600 0.00037682 -0.00017462 0.00000391 -0.00000273 0.00002259 0.00007772 0.00036692 -0.00008414 0.00007155 0.00009520 -0.00004300 0.00072424 -0.00002794 0.00013347 -0.00015104 -0.00001859 -0.00000436 -0.00014204 -0.00012912 -0.00012696 0.00001258 0.00020850 -0.00033550 0.00008980 0.00029990 0.00193624 -0.00016376 0.00061218 -0.00043235 -0.00070016 -0.00029671 -0.00005713 -0.00010559 -0.00003605 0.00057422 -0.00103687 -0.00092724
-0.00000031 -0.00002622 -0.00000573 -0.00000067 -0.00000902 -0.00000878 0.00000339 -0.00001042 -0.00000103 -0.00002666 -0.00000027 -0.00001467 0.00003823 -0.00002080 -0.00004324 0.00001417 -0.00001848 0.00001691 0.00003439 0.00003651 -0.00014007 -0.00003796 0.00020878 -0.00017716 -0.00005917 -0.00002984 0.00006424 -0.00008038 0.00007491 0.00042834 -0.00015913 0.00004649 -0.00023744 -0.00015528 0.00002712 -0.00033532 -0.00005096 -0.00040003 0.00091880 0.00034311 0.00018898 -0.00019161 -0.00022108 0.00028566 -0.00078662 -0.00002090 0.00003842 0.00017810 -0.00110589 -0.00120984
-0.00000025 -0.00001037 -0.00033182 0.00000093 -0.00000872 -0.00000424 0.00000021 -0.00001175 0.00000125 -0.00012577 0.00000294 0.00036232 0.00002503 0.00020106 -0.00016465 0.00001981 -0.00000676 -0.00000493 0.00007078 0.00238401 -0.00000436 0.00000690 -0.00009293 -0.00009109 -0.00002657 0.00003286 0.00000546 -0.00003383 -0.00008049 0.00013967 -0.00023851 -0.00024811 0.00002062 0.00042575 0.00012484 0.00012898 0.00001992 0.00042295 0.00051669 0.00003316 0.00008022 -0.00032814 -0.00032382 -0.00045700 0.00020081 0.00007710 -0.00040650 0.00047050 -0.00045423 -0.00042443
-0.00000013 -0.00001115 -0.00010282 -0.00000144 -0.00001927 -0.00003112 0.00001015 -0.00001085 -0.00000099 -0.00016520 -0.00000314 0.00005603 0.00002074 0.00013432 -0.00012375 0.00000028 -0.00105771 -0.00001096 0.00005263 0.00028023 -0.00011563 -0.00003295 -0.00000797 -0.00039961 -0.00039982 0.00036754 0.00158250 -0.00024365 -0.00022054 0.00055846 -0.00051962 0.00047843 -0.00037950 -0.00071161 0.00016664 -0.00018745 -0.00036182 -0.00028087 0.00059864 0.00025493 0.00127616 0.00039958 -0.00066452 0.00086016 -0.00098717 0.00010125 -0.00003353 0.00004428 -0.00131492 -0.00018018
0.00000007 -0.00001507 -0.00010852 -0.00000078 -0.00050478 -0.00000498 0.00000412 -0.00001449 0.00000016 -0.00148663 0.00000923 -0.00129475 0.00001046 0.00080423 -0.00043012 0.00002819 0.00000983 0.00002665 0.00007406 0.00070348 -0.00005382 0.00012452 0.00030149 0.00013156 0.00159098 0.00002567 0.00017621 -0.00026849 0.00008550 -0.00049013 0.00004353 -0.00015303 -0.00030826 0.00011445 -0.00012707 -0.00038877 -0.00014326 0.00051288 0.00187724 0.00030892 0.00032465 -0.00037925 -0.00018051 0.00049134 -0.00043669 0.00033253 0.00101692 0.00019145 -0.00115701 -0.00100408
-0.00000079 -0.00000613 -0.00000584 -0.00000103 -0.00001468 -0.00000545 0.00178328 -0.00001415 0.00000456 -0.00002600 0.00000607 -0.00001607 0.00004713 -0.00002471 -0.00004702 0.00001498 -0.00001503 0.00003181 0.00010678 -0.00004145 -0.00013691 0.00008134 0.00009164 -0.00019184 -0.00007506 -0.00004670 -0.00004798 -0.00013152 0.00009416 0.00034157 -0.00018832 0.00002419 -0.00037838 -0.00040873 0.00017868 -0.00029958 0.00031312 -0.00040742 0.00020304 0.00043259 0.00111440 0.00015948 -0.00129384 -0.00030267 -0.00050347 -0.00120958 0.00112526 0.00055850 -0.00132122 -0.00042935
-0.00000082 -0.00004415 -0.00045914 -0.00000101 -0.00034282 -0.00001047 -0.00000468 -0.00002081 0.00001788 -0.00109350 0.00002420 -0.00076110 0.00002562 0.00064404 -0.00043854 0.00003686 -0.00001523 0.00007433 0.00015054 0.00269384 0.00000698 0.00009053 0.00013378 -0.00006427 0.00107641 -0.00008931 0.00014638 -0.00021374 0.00008301 -0.00039467 0.00011970 -0.00069361 -0.00046117 0.00119712 0.00021865 -0.00012253 -0.00019484 0.00092157 -0.00005889 0.00127958 -0.00002695 -0.00050942 -0.00161567 -0.00146265 -0.00094233 0.00104556 0.00094657 0.00034836 -0.00072105 -0.00154022
-0.00000017 -0.00002324 -0.00020064 0.00000005 -0.00004056 -0.00000191 0.00000318 -0.00001296 0.00000835 -0.00033950 -0.00000125 -0.00002937 0.00002574 0.00032115 -0.00023790 0.00000871 -0.00001166 0.00002891 0.00010199 0.00141832 -0.00005563 -0.00003329 -0.00014259 -0.00038003 -0.00082531 -0.00001440 -0.00004044 -0.00000268 -0.00009577 0.00033500 -0.00029070 -0.00023223 -0.00030685 0.00025920 0.00004717 -0.00017040 0.00005378 0.00024656 0.00039690 0.00047152 0.00053899 0.00030726 -0.00137201 0.00081099 -0.00039466 0.00067044 0.00085489 0.00010597 -0.00100040 -0.00074022
-0.00000005 -0.00000865 -0.00000981 -0.00000562 -0.00001073 -0.00000157 0.00000056 -0.00000711 0.00001433 -0.00008601 -0.00002482 -0.00001625 0.00000863 0.00001679 -0.00007169 0.00002618 -0.00000750 0.00007941 0.00006491 0.00006413 -0.00010969 -0.00018971 -0.00001902 -0.00012609 -0.00012043 -0.00007425 0.00001570 -0.00016111 0.00013314 0.00024848 -0.00017078 -0.00003356 -0.00011507 0.00005346 0.00019057 0.00013939 0.00106443 -0.00040986 0.00143944 0.00206598 0.00149329 0.00092247 -0.00007098 -0.00077010 0.00021125 -0.00057085 0.00005620 -0.00012487 -0.00072727 -0.00122551
-0.00000133 -0.00001146 -0.00010042 -0.00502297 -0.00002545 -0.00003451 -0.00000550 -0.00002033 0.00000918 -0.00009906 0.00000233 0.00011184 0.00005456 0.00000037 -0.00008950 0.00002916 -0.00003916 0.00006593 0.00009552 0.00064516 -0.00015057 0.00044939 -0.00009612 -0.00060912 0.00014274 0.00003740 -0.00018360 -0.00008522 0.00004039 0.00074777 0.00000383 -0.00040594 -0.00160752 -0.00078122 0.00023135 0.00002449 0.00094068 -0.00045031 0.00081342 0.00139422 0.00220023 0.00011331 -0.00099353 -0.00165230 -0.00101043 -0.00173278 0.00138293 0.00029071 -0.00129987 0.00050742
-0.00000029 -0.00000785 -0.00001835 -0.00000018 -0.00017906 -0.00005655 0.00000510 -0.00001545 0.00000255 -0.00053481 0.00000532 -0.00047779 0.00003357 0.00022985 -0.00022905 -0.00014315 0.00000744 0.00002591 0.00007301 0.00013885 -0.00009273 0.00004878 0.00016623 -0.00011060 0.00051691 -0.00001777 0.00013261 -0.00019570 -0.00046786 -0.00010181 -0.00006553 0.00017061 -0.00013666 0.00020209 -0.00052799 -0.00030199 -0.00030987 0.00008319 0.00124133 0.00040787 0.00071572 0.00017034 -0.00046039 0.00043926 -0.00124796 -0.00067917 0.00060334 -0.00011912 -0.00271801 -0.00067998
-0.00000132 -0.00001324 -0.00038609 0.00000055 -0.00011277 -0.00003811 0.00000233 -0.00002173 -0.00000757 -0.00038014 0.00002981 -0.00024753 0.00019153 -0.00039527 -0.00067077 0.00037781 0.00005421 0.00003881 0.00008867 0.00137443 -0.00020916 0.00227499 0.00065125 -0.00048171 0.00014439 -0.00001384 -0.00016414 0.00160747 0.00018960 0.00027758 0.00424854 -0.00036685 0.00092063 -0.00183522 0.00008544 -0.00036791 -0.00016807 -0.00039664 -0.00038069 -0.00137330 0.00118637 0.00022738 0.00096320 -0.00014149 -0.00115927 -0.00132212 0.00043340 -0.00170174 0.00180917 -0.00041481
-0.00000155 -0.00001356 -0.00000666 0.00000897 -0.00000563 -0.00002847 -0.00000746 -0.00003578 -0.00002937 -0.00001679 0.00004427 -0.00001475 0.00007822 -0.00000604 0.00000708 0.00001713 0.00001044 -0.00008308 0.00013744 0.00013213 0.00005890 0.00012344 -0.00020695 -0.00020899 0.00016746 -0.00008863 0.00015217 0.00040063 -0.00009505 -0.00040291 -0.00042800 -0.00023037 0.00059349 -0.00053075 0.00075444 -0.00080607 -0.00046675 0.00098383 0.00451920 -0.00239769 0.00281889 -0.00105351 -0.00290962 -0.00335059 0.00056227 0.00039839 -0.00273355 0.00144961 0.00117883 -0.00082557
-0.00000018 -0.00000039 -0.00000054 -0.00000007 -0.00000158 -0.00000201 0.00000153 -0.00000099 0.00000214 -0.00000716 0.00000062 -0.00000953 -0.00000169 -0.00000562 -0.00002763 -0.00001981 0.00000159 0.00001662 0.00002072 0.00002083 -0.00001144 -0.00000243 0.00004239 -0.00004744 -0.00004446 -0.00002811 -0.00002500 -0.00003838 0.00002999 0.00010446 -0.00009524 0.00010800 -0.00016916 0.00008379 -0.00002888 -0.00021930 0.00000520 0.00008516 0.00062796 0.00006049 0.00001271 -0.00005442 -0.00002738 0.00013579 -0.00049914 -0.00019581 0.00066628 0.00007151 -0.00066679 -0.00033147
-0.00000054 -0.00001375 -0.00044440 0.00000191 -0.00001918 -0.00000801 0.00000136 -0.00001896 -0.00000108 -0.00016537 0.00000674 0.00049661 0.00003693 0.00026239 -0.00021518 0.00003631 -0.00000071 -0.00001174 0.00010543 0.00321505 0.00000126 0.00003050 -0.00015132 -0.00017035 -0.00005127 0.00005150 -0.00000448 -0.00005528 -0.00010178 0.00021191 -0.00037699 -0.00038395 0.00013009 0.00059901 0.00022913 0.00013489 0.00010276 0.00068660 0.00091875 -0.00012838 0.00014389 -0.00058441 -0.00049648 -0.00096830 0.00053504 0.00019325 -0.00083210 0.00074217 -0.00057597 -0.00040836
-0.00000031 -0.00000746 -0.00002028 -0.00000120 -0.00018807 -0.00000635 0.00000326 -0.00000224 -0.00000310 -0.00124223 0.00000930 -0.00104270 0.00000513 0.00065111 -0.00033492 0.00001368 0.00002882 0.00003039 -0.00008065 0.00008570 -0.00025798 0.00215452 -0.00140826 -0.00376672 -0.00181623 0.00021027 -0.00079664 0.00072301 -0.00058417 0.00396205 -0.00027141 0.00021047 -0.00039713 -0.00052872 0.00013755 -0.00028260 0.00032179 0.00027810 0.00033754 0.00071376 0.00085889 -0.00071483 0.00018005 -0.00029067 -0.00042825 -0.00046850 -0.00035168 0.00016274 -0.00019899 -0.00090392
-0.00000060 -0.00000337 -0.00002322 -0.00000121 -0.00002122 -0.00001264 0.00001057 -0.00001929 -0.00000596 -0.00001570 0.00001204 -0.00003611 0.00000804 -0.00001821 -0.00004894 -0.00000291 0.00000713 0.00008066 0.00008321 0.00012881 -0.00687932 -0.00029050 0.00013725 0.00007465 -0.00008562 -0.00012409 0.00010393 -0.00022365 -0.00018407 0.00062696 -0.00025843 0.00023156 -0.00045450 0.00001056 0.00004185 -0.00016775 0.00021328 -0.00027649 0.00038656 0.00072219 0.00064335 -0.00056216 0.00012635 0.00020429 -0.00123887 -0.00065348 0.00001469 0.00061158 -0.00230729 0.00005057
-0.00000064 -0.00002529 -0.00000399 0.00000026 -0.00000836 -0.00000550 0.00000256 -0.00001884 0.00001702 -0.00003178 0.00000070 -0.00000044 0.00002828 -0.00000874 -0.00005861 0.00002846 0.00001949 0.00005176 0.00010841 -0.00000336 -0.00004106 -0.00004293 0.00006298 -0.00025949 -0.00024337 -0.00010387 0.00014848 -0.00010062 -0.00010534 0.00013670 -0.00009099 0.00000464 -0.00052674 0.00033561 0.00019976 -0.00032203 0.00008763 0.00044229 0.00010680 0.00112523 0.00109351 -0.00096145 -0.00074719 -0.00046557 -0.00063118 0.00146621 0.00169425 -0.00020441 -0.00153986 0.00020367
-0.00000054 -0.00001321 -0.00001224 -0.00000242 -0.00000673 -0.00001956 0.00000931 -0.00001658 0.00000290 -0.00004928 0.00000904 0.00003889 0.00005114 -0.00001923 -0.00010091 0.00006442 0.00000331 0.00001750 0.00008966 0.00006604 -0.00005748 -0.00001687 -0.00000228 -0.00025977 -0.00016677 -0.00003335 -0.00007609 0.00009241 0.00003385 -0.00002257 0.00124049 -0.00064545 -0.00188552 -0.00123446 -0.00003973 -0.00037555 0.00045304 -0.00019647 0.00042794 0.00069110 0.00105064 -0.00044766 -0.00051230 -0.00019955 -0.00069238 -0.00046454 0.00168757 -0.00009331 -0.00111447 -0.00062059
-0.00000068 -0.00000388 -0.00001968 0.00000108 -0.00018109 -0.00001219 0.00000519 -0.00001515 0.00000260 -0.00053235 0.00001071 -0.00036071 0.00003626 0.00025041 -0.00016267 0.00002839 -0.00001397 -0.00001519 0.00006797 -0.00008150 -0.00012093 0.00009867 0.00026195 0.00014297 0.00056773 0.00006884 -0.00015124 -0.00013356 -0.00009463 0.00033926 -0.00003451 -0.00011157 -0.00005693 -0.00022139 0.00020440 -0.00031564 0.00022970 -0.00026159 0.00007756 0.00047709 0.00087787 -0.00057011 -0.00038146 -0.00098312 -0.00024592 -0.00190948 0.00072479 0.00097573 -0.00083344 -0.00054796
-0.00000020 -0.00002024 -0.00002589 0.00000000 -0.00048294 -0.00000856 0.00000818 -0.00001480 0.00000555 -0.00142476 0.00001828 -0.00134497 0.00000921 0.00072204 -0.00039021 0.00002663 0.00000396 0.00001525 0.00012856 0.00010736 -0.00011520 0.00012912 0.00028062 0.00005295 0.00148215 -0.00004649 0.00009137 -0.00031379 0.00005476 -0.00059139 0.00000621 -0.00015042 -0.00040467 0.00088356 0.00034858 0.00140465 0.00029253 -0.00060108 0.00085703 0.00064765 0.00138608 -0.00056358 -0.00026861 0.00036838 -0.00094438 0.00083823 0.00092357 0.00051258 -0.00154090 -0.00110461
0.00000088 -0.00005981 -0.00097774 0.00000460 0.00000203 -0.00001449 0.00002359 -0.00001938 -0.00001998 -0.00056227 -0.00002468 0.00147362 0.00000977 0.00088069 -0.00042858 0.00009023 0.00006904 -0.00019810 -0.00003629 0.00384391 -0.00003244 -0.00020969 -0.00003090 -0.00002153 -0.00000704 0.00031100 -0.00007018 -0.00063934 -0.00017879 0.00008700 -0.00377160 0.00329880 -0.00074579 -0.00389058 -0.00027147 -0.00023739 0.00119728 -0.00112169 0.00027887 -0.00033075 0.00161997 -0.00111745 0.00029184 0.00264477 -0.00096054 0.00187262 0.00043050 -0.00021896 -0.00109595 0.00387930
-0.00000018 -0.00000134 -0.00000439 0.00000038 -0.00000668 -0.00000527 0.00000173 -0.00001261 0.00000475 -0.00004027 0.00001474 -0.00002552 0.00003168 0.00000826 -0.00004230 0.00001682 -0.00000383 0.00000491 0.00001125 0.00005786 -0.00007224 0.00004002 0.00004637 -0.00012276 0.00002751 0.00003558 -0.00004859 -0.00002027 0.00006015 0.00009916 -0.00004579 0.00006572 -0.00020724 0.00009297 0.00004313 -0.00009048 -0.00004857 0.00008360 0.00017115 -0.00006662 0.00051514 0.00010916 -0.00048049 0.00019042 -0.00065066 0.00004282 -0.00008537 -0.00003302 -0.00044292 -0.00056179
0.00000140 -0.00003360 -0.00085082 -0.00000146 0.00000275 -0.00001752 0.00005142 -0.00000210 -0.00003588 -0.00054414 -0.00004386 0.00141420 -0.00005628 0.00082811 -0.00034390 0.00006849 0.00007769 -0.00020891 0.00003590 0.00226534 -0.00015898 -0.00033783 -0.00022819 -0.00004745 -0.00005701 0.00025789 -0.00011865 -0.00085427 -0.00026076 0.00035438 -0.00432755 0.00416757 -0.00064701 -0.00535335 -0.00048289 -0.00099298 0.00210741 -0.00188891 0.00109429 0.00067386 0.00204791 -0.00121048 0.00135311 0.00323700 -0.00162571 0.00131184 0.00076892 -0.00035089 -0.00307402 0.00354299
0.00000039 -0.00138586 0.00001836 0.00000339 -0.00001669 -0.00001428 -0.00001121 -0.00001060 0.00013709 -0.00029994 0.00005807 0.00005659 0.00029762 -0.00160511 -0.00201934 0.00117494 -0.00000612 -0.00010877 -0.00009382 0.00000520 0.00000707 -0.00106849 0.00361599 -0.00108972 0.00018561 0.00000165 0.00007733 0.00022869 -0.00079458 0.00281360 -0.00197239 -0.00053640 -0.00043510 0.00052079 0.00072095 0.00063507 -0.00323255 -0.00372047 0.00273359 0.00591239 0.00099742 -0.00105065 -0.00277907 0.00116816 -0.00097853 -0.00114675 0.00688310 -0.00142486 -0.00200413 -0.00192879
-0.00000090 -0.00002102 -0.00000340 0.00000042 -0.00000683 -0.00000314 0.00000388 -0.00001831 0.00001404 -0.00003080 -0.00000607 -0.00001794 0.00004302 -0.00001803 -0.00007529 0.00002544 0.00002807 0.00006236 0.00011130 -0.00000067 -0.00010956 -0.00006521 0.00015871 -0.00028753 -0.00024441 -0.00012408 0.00016034 -0.00015723 -0.00004580 0.00035031 -0.00014312 0.00008292 -0.00056795 0.00015232 0.00028281 -0.00041493 0.00001942 0.00001762 0.00049358 0.00123270 0.00097255 -0.00060576 -0.00088176 -0.00039416 -0.00082992 0.00072044 0.00078207 -0.00029337 -0.00134353 -0.00047029
-0.00000124 -0.00034411 -0.00135832 -0.00000344 -0.00068014 -0.00000620 -0.00000994 -0.00002221 0.00004251 -0.00564613 -0.00003458 0.01099845 -0.00005301 0.00611426 -0.00290320 0.00004405 -0.00008402 0.00001084 -0.00026584 -0.00467103 -0.00023832 0.00002566 0.00088492 0.00020591 0.00060453 0.00013171 -0.00012690 0.00022710 -0.00031514 0.00054747 0.00140493 -0.00105452 0.00032122 0.00046118 0.00074098 -0.00038991 -0.00064478 0.00110414 0.00238130 0.00060629 -0.00129230 0.00046686 -0.00065406 0.00236086 -0.00000367 0.00080206 0.00301067 -0.00029258 -0.00035245 -0.00411335
-0.00000041 -0.00001002 -0.00018367 -0.00000920 0.00000810 -0.00003824 0.00000518 -0.00000627 -0.00001226 -0.00005244 0.00005348 0.00001201 0.00002680 -0.00002211 0.00001267 0.00008044 0.00001466 -0.00003864 -0.00006376 0.00017860 0.00006761 0.00002917 0.00012733 -0.00042455 -0.00005978 0.00079186 0.00237182 -0.00034378 -0.00005873 0.00016477 -0.00188243 0.00222696 -0.00073398 -0.00244485 -0.00032023 -0.00074875 0.00015203 -0.00099309 0.00019204 -0.00028595 0.00140040 0.00028254 -0.00011522 -0.00006981 -0.00060770 0.00002021 -0.00010683 -0.00022206 -0.00072023 -0.00217208
-0.00000035 -0.00001959 -0.00001796 0.00000083 -0.00030123 -0.00000357 -0.00000090 -0.00001539 0.00000967 -0.00088142 0.00001014 -0.00082573 0.00003513 0.00044552 -0.00026279 0.00002070 0.00000992 0.00003137 0.00011102 0.00005828 -0.00002088 0.00008220 0.00024186 -0.00002153 0.00084612 -0.00005619 0.00018223 -0.00011968 0.00002429 -0.00029345 -0.00002924 -0.00003610 -0.00030926 0.00027946 0.00000728 -0.00029713 -0.00014687 0.00037122 0.00049040 0.00067776 0.00100594 -0.00062348 -0.00065209 -0.00003458 -0.00064786 0.00086860 0.00105181 -0.00023451 -0.00094646 -0.00049076
-0.00000032 -0.00000289 -0.00001543 -0.00000123 -0.00000518 -0.00000604 0.00000845 -0.00001052 -0.00000279 -0.00003392 -0.00000631 0.00000110 0.00002422 -0.00000724 -0.00005498 0.00000892 -0.00001188 0.00002478 0.00006872 0.00018795 -0.00012945 -0.00002240 0.00006568 -0.00017720 -0.00008566 -0.00004540 0.00001590 -0.00012750 0.00002555 0.00039228 -0.00026104 0.00011302 -0.00023630 -0.00013264 0.00008932 -0.00025647 0.00016880 -0.00013519 0.00053276 0.00032664 0.00046100 0.00004886 -0.00037039 0.00033459 -0.00055936 -0.00027003 0.00008309 0.00018442 -0.00090767 -0.00095587
0.00000033 -0.00000476 -0.00001008 -0.00000025 -0.00000780 -0.00000166 0.00000255 -0.00000304 -0.00001266 -0.00002707 0.00001018 -0.00000902 0.00003873 -0.00000765 -0.00006169 0.00002368 -0.00000188 -0.00000605 0.00000410 0.00006147 -0.00002747 0.00005100 0.00002388 -0.00011042 -0.00001541 -0.00000031 -0.00003402 0.00008105 0.00002057 -0.00005098 0.00029656 0.00000197 0.00016175 -0.00081642 -0.00005629 0.00044753 0.00008602 0.00055813 0.00009094 0.00086893 -0.00028250 0.00006468 -0.00124582 -0.00087246 -0.00213205 0.00053393 -0.00092301 -0.00040612 -0.00023713 0.00020766
-0.00000035 -0.00000160 -0.00000813 -0.00000179 0.00000111 -0.00004327 0.00000854 0.00000101 -0.00000500 -0.00003025 0.00002020 -0.00000002 -0.00000206 0.00000917 -0.00000958 0.00002835 -0.00013185 -0.00006939 -0.00003753 0.00008615 0.00004793 0.00010202 0.00004433 -0.00047470 -0.00037158 0.00150814 0.00615665 -0.00024198 -0.00036548 0.00074093 -0.00019320 -0.00000837 -0.00030988 -0.00009551 -0.00002234 -0.00020569 -0.00002906 -0.00003815 0.00043010 0.00069304 0.00048980 -0.00023791 -0.00035828 0.00053329 -0.00089693 -0.00012453 -0.00016755 0.00038451 -0.00124608 -0.00111449
-0.00000024 -0.00000587 -0.00002013 -0.00000480 0.00000221 -0.00006915 -0.00000654 -0.00000461 0.00000304 -0.00001976 0.00001511 0.00001911 0.00000133 -0.00001354 -0.00004258 0.00000975 0.00001474 0.00004629 0.00002297 0.00022379 -0.00007295 -0.00011323 -0.00008886 0.00004474 -0.00002059 -0.00004061 0.00017423 -0.00033551 -0.00008974 0.00037464 -0.00020655 0.00022699 -0.00052499 -0.00027149 -0.00000035 -0.00012181 -0.00005799 -0.00011855 -0.00015175 0.00116369 0.00095451 -0.00108288 0.00109305 -0.00044778 -0.00126208 -0.00076981 0.00059258 -0.00075715 -0.00306621 -0.00088458
0.00000006 -0.00000207 -0.00000238 -0.00001176 -0.00000494 -0.00000707 0.00000342 -0.00001625 0.00000108 -0.00003516 -0.00000437 -0.00002681 0.00004062 -0.00000731 -0.00002997 0.00002457 -0.00000813 -0.00001123 0.00005466 0.00002247 -0.00015365 0.00000447 -0.00000838 -0.00008685 -0.00001814 0.00006557 0.00003842 -0.00006592 0.00001458 0.00023318 0.00002904 -0.00010520 -0.00010140 0.00004862 0.00011150 -0.00025510 -0.00015089 0.00010488 0.00055875 0.00035885 0.00063047 -0.00016395 0.00003659 0.00028618 -0.00054814 -0.00013627 0.00047868 0.00018727 -0.00071517 -0.00118863
-0.00000004 -0.00000059 -0.00000598 -0.00000053 -0.00000445 -0.00000260 0.00000664 -0.00000312 0.00000285 -0.00001883 0.00000577 0.00000331 0.00000410 0.00001491 -0.00005156 -0.00000993 -0.00022312 -0.00000894 0.00002042 0.00004504 -0.00002514 0.00002156 0.00004808 -0.00006512 -0.00013638 -0.00000869 -0.00017669 -0.00004978 -0.00015722 0.00024599 -0.00005774 0.00025477 -0.00006774 -0.00009567 -0.00000380 -0.00018865 -0.00018512 0.00013366 0.00031478 0.00061673 0.00042297 -0.00041268 -0.00001812 -0.00020986 -0.00065938 -0.00020660 0.00014566 0.00023477 -0.00166680 -0.00023217
0.00000005 -0.00000366 -0.00010778 -0.00000021 -0.00000135 -0.00000241 -0.00000172 -0.00001033 0.00000126 -0.00005483 -0.00000094 0.00010248 0.00004957 0.00003963 -0.00009991 0.00003253 -0.00000093 0.00000184 0.00003050 0.00074526 -0.00002945 0.00002941 0.00005369 -0.00007858 -0.00004235 0.00003340 -0.00003188 -0.00000701 -0.00000685 0.00011142 0.00023491 -0.00003024 -0.00006509 -0.00047790 0.00007877 0.00036121 -0.00003540 0.00044906 0.00019423 0.00031758 0.00016177 -0.00007698 -0.00026663 0.00028728 0.00008793 0.00012304 0.00005946 0.00028545 -0.00026015 -0.00047172
-0.00000057 -0.00003849 -0.00049045 0.00000071 0.00000018 -0.00000741 -0.00000022 -0.00002171 0.00001698 -0.00020636 -0.00001396 0.00055041 0.00005410 0.00029885 -0.00028577 0.00004638 0.00000695 0.00004886 0.00014191 0.00354531 -0.00004736 -0.00011444 -0.00002976 -0.00018981 -0.00018922 -0.00005535 0.00018139 -0.00008291 -0.00021319 0.00024451 -0.00040495 -0.00031784 -0.00053367 0.00055464 0.00033987 0.00008188 0.00003762 0.00074113 0.00011178 0.00129066 0.00079225 -0.00095390 -0.00098686 -0.00023744 -0.00022172 0.00155640 0.00154727 0.00059585 -0.00066054 -0.00116569
-0.00000043 -0.00089673 0.00002866 -0.00000077 -0.00000234 0.00001248 -0.00002989 -0.00006491 -0.02807360 -0.00018923 0.00001609 0.00010548 0.00001399 -0.00004204 0.00000259 0.00002640 -0.00007723 0.00001308 0.00002640 0.00004792 -0.00001731 0.00007633 -0.00022605 0.00019587 -0.00005885 0.00010989 0.00013764 0.00013233 -0.00007279 0.00032814 -0.00009573 -0.00003385 0.00002926 -0.00015207 -0.00030179 0.00000511 0.00002643 -0.00030331 0.00047282 0.00032352 0.00084162 -0.00054054 -0.00022643 0.00100383 -0.00054447 -0.00030212 0.00014337 -0.00171546 -0.00081819 -0.00065069
-0.00000724 0.00000045 -0.00003119 0.00000850 -0.00007089 -0.00004678 -0.00003746 -0.00005761 0.00002576 -0.00002184 0.00006499 -0.00003088 0.00024971 -0.00010012 -0.00011504 0.00013011 -0.00008805 0.00014230 0.00038584 -0.00053799 -0.00051379 0.00018888 0.00019863 -0.00001893 0.00026454 0.00025136 -0.00074202 -0.00098162 0.00152983 0.00127360 -0.00095471 -0.00022265 -0.00094651 -0.00478221 0.00236378 -0.00059447 0.00316339 -0.00342737 -0.00219389 0.00211871 0.00599687 -0.00108398 -0.00428114 -0.00820294 -0.00100405 -0.01487575 0.01039292 0.00642722 -0.00524733 0.00191669
-0.00000062 -0.00000604 -0.00001443 0.00000127 -0.00008453 -0.00002281 0.00000080 -0.00001568 -0.00000208 -0.00057453 0.00001474 -0.00050837 0.00003207 0.00046080 -0.00028287 0.00000870 0.00000493 0.00002813 0.00003072 -0.00001360 -0.00016955 -0.00029298 -0.00021918 -0.00056241 -0.00153354 0.00003110 -0.00010182 0.00005197 0.00020128 0.00052986 0.00008238 -0.00072523 -0.00321574 -0.00043711 0.00013507 -0.00059465 0.00031508 -0.00028255 0.00040504 0.00039186 0.00108503 0.00004415 -0.00047585 0.00030199 -0.00077237 -0.00034488 -0.00042707 -0.00003883 -0.00152024 -0.00089345
-0.00000151 -0.00000457 -0.00002374 0.00000130 -0.00013130 -0.00026472 -0.00001537 -0.00002524 0.00000842 -0.00068789 0.00003204 -0.00063704 0.00003229 0.00049905 -0.00027123 0.00011243 0.00005864 0.00020896 0.00001370 0.00026536 -0.01145936 -0.00087289 -0.00024449 -0.00044602 -0.00162813 0.00002175 -0.00010557 -0.00014301 0.00054041 0.00078290 -0.00046790 0.00016497 -0.00033923 -0.00026551 0.00101851 -0.00047735 0.00031016 -0.00122922 -0.00070452 -0.00041981 -0.00173227 -0.00433929 -0.00186620 0.00408155 -0.00158338 -0.00310363 -0.00243126 0.00118677 0.00043422 -0.00023561
-0.00000030 -0.00000269 -0.00000862 0.00000081 -0.00002137 -0.00001404 0.00001028 -0.00002011 -0.00000919 -0.00003577 0.00002025 -0.00002329 0.00004384 0.00000948 -0.00005407 0.00004743 0.00004003 0.00004554 0.00009268 0.00027438 -0.01555960 -0.00067531 0.00031046 0.00023720 -0.00001477 -0.00029192 0.00020147 -0.00022365 -0.00007141 0.00075033 -0.00021165 0.00018176 -0.00034311 -0.00002425 0.00018527 -0.00050462 0.00014517 -0.00025782 0.00077863 0.00084384 0.00090454 0.00040474 -0.00006361 0.00020917 -0.00125387 -0.00101943 -0.00100784 0.00070462 -0.00126764 -0.00116171
-0.00000069 -0.00005444 -0.00002499 0.00000477 -0.00000503 -0.00003802 0.00000687 -0.00001850 0.00000620 -0.00014333 0.00005932 0.00015649 0.00026813 -0.00125777 -0.00262037 -0.00693567 -0.00005767 0.00005154 0.00012980 -0.00008426 0.00008424 -0.00004404 -0.00096376 0.00061595 -0.00004062 0.00012547 -0.00051670 -0.00147663 -0.00557115 0.00023122 0.00074272 -0.00032147 -0.00005650 0.00065587 0.00042602 -0.00121224 -0.00042288 0.00011253 0.00067888 0.00275656 0.00127885 -0.00102261 -0.00063054 0.00092012 -0.00053757 0.00120728 0.00188466 0.00090136 -0.00027382 -0.00020930
-0.00000024 -0.00000324 -0.00000390 -0.00000079 -0.00000213 -0.00000545 -0.00000220 -0.00001080 -0.00000059 -0.00001505 0.00000040 -0.00001135 0.00002471 -0.00000178 -0.00003747 0.00000401 -0.00000669 0.00001822 0.00002787 0.00004168 -0.00008378 -0.00000623 0.00009132 -0.00008204 -0.00003613 -0.00002205 -0.00002500 -0.00007432 -0.00003006 0.00015849 -0.00010497 0.00017106 -0.00032556 0.00003380 0.00023188 -0.00014356 -0.00009593 -0.00008013 0.00030330 0.00032251 0.00052808 0.00018514 -0.00037245 0.00022147 -0.00076744 -0.00023764 -0.00038032 0.00018007 -0.00042205 -0.00048281
0.00000077 -0.00000313 -0.00002172 0.00000742 -0.00043640 -0.00000596 0.00000175 -0.00003083 0.00000381 -0.00126587 0.00003462 -0.00122434 0.00012365 0.00049846 -0.00066932 -0.00091333 0.00004691 0.00003382 0.00011417 0.00011018 0.00008307 0.00033024 0.00047865 0.00002894 0.00150636 0.00019644 0.00050383 -0.00028243 -0.00277741 -0.00152465 0.00039747 0.00094642 0.00039519 0.00092433 -0.00034802 -0.00065874 -0.00229486 -0.00012169 0.00240170 0.00033791 0.00295530 0.00089433 0.00018525 0.00078990 -0.00380068 -0.00264957 -0.00171023 -0.00134537 -0.01031451 0.00081051
-0.00000032 -0.00000215 -0.00000575 -0.00000232 -0.00000282 -0.00000384 0.00553916 -0.00000718 -0.00001822 -0.00002226 0.00000372 -0.00000330 0.00002359 0.00000188 -0.00003357 0.00001421 -0.00000399 0.00001163 0.00002870 0.00004615 -0.00011471 -0.00001456 0.00008834 -0.00012841 -0.00006452 0.00003374 -0.00002656 -0.00003766 0.00007745 0.00016900 -0.00021068 0.00012488 -0.00025370 -0.00003581 0.00004547 -0.00023830 -0.00005515 -0.00003533 0.00034180 0.00012907 0.00039707 -0.00004569 -0.00013113 0.00013371 -0.00044318 -0.00014545 0.00000094 0.00016491 -0.00042172 -0.00059829
